%YAML:1.0
calibration_time: "Sun Apr 12 16:01:55 2015"
nframes: 15
image_width: 1280
image_height: 720
board_width: 6
board_height: 8
square_size: 1.
flags: 0
camera_matrix: !!opencv-matrix
   rows: 3
   cols: 3
   dt: d
   data: [ 9.7863314406435995e+02, 0., 6.4282012301324335e+02, 0.,
       9.8488835688994175e+02, 4.1131868786046425e+02, 0., 0., 1. ]
distortion_coefficients: !!opencv-matrix
   rows: 5
   cols: 1
   dt: d
   data: [ 7.3428302466628209e-02, -3.9465988248911643e-01,
       8.8354129133378905e-03, -2.7675727440466453e-03,
       5.2368725337614452e-01 ]
avg_reprojection_error: 1.2344681777472908e+00
per_view_reprojection_errors: !!opencv-matrix
   rows: 15
   cols: 1
   dt: f
   data: [ 3.79827052e-01, 1.19740045e+00, 1.03386712e+00,
       1.53021073e+00, 8.18411052e-01, 6.09969497e-01, 1.17937613e+00,
       2.93466759e+00, 9.58672464e-01, 9.85408902e-01, 8.83937359e-01,
       8.84042084e-01, 1.00816989e+00, 8.92465770e-01, 1.24871528e+00 ]
# a set of 6-tuples (rotation vector + translation vector) for each view
extrinsic_parameters: !!opencv-matrix
   rows: 15
   cols: 6
   dt: d
   data: [ -1.8742303382381068e-01, -2.1231422710696754e-01,
   			-1.5532131423791293e+00, -4.0519668616856732e+00,
   			2.8992271481242899e+00, 1.2492956591385941e+01,
       -1.1839701131941958e-01, 3.0554114744115052e-01,
       1.4859619996576319e+00, 3.6247756362506007e+00,
       -2.0245239200968785e+00, 1.3230644543586662e+01,
       -8.5573654734437593e-02, 2.6066964592469716e-01,
       1.5417151356670977e+00, 3.2410648768066963e+00,
       -2.8775759314750986e+00, 1.2327332076400124e+01,
       -1.0715467345930148e-01, -1.6583079808499726e-01,
       -1.4977667761842757e+00, -4.7148549292629474e+00,
       1.5452865975666514e+00, 1.1082187542150439e+01,
       9.0925107115639156e-02, -3.2508435265161806e-01,
       -1.3597390995141092e+00, -5.8707322234911885e+00,
       1.9523073217824440e+00, 1.0356823159728542e+01,
       -1.0448507364628977e-01, -4.1491036790984964e-01,
       -1.4009694775534569e+00, -5.6575704192660359e+00,
       1.5583966252515082e+00, 9.4853641805757380e+00,
       -1.6496511533933805e-01, -2.8147292726845247e-01,
       -1.4916617617029138e+00, -4.4979815530873486e+00,
       2.3044107488625629e+00, 1.0394442447251530e+01,
       -9.4170529290568433e-02, 4.0883898745548181e-01,
       1.5659734720814973e+00, 3.9141954421591181e+00,
       -2.0093831842601793e+00, 1.1039433624427117e+01,
       -2.2836708889305421e-01, -1.2763901191849031e-01,
       -1.5173274634805167e+00, -3.7779786870566046e+00,
       1.9115507865419525e+00, 1.0610554047085873e+01,
       -7.7670872919267567e-02, -1.4345320713978590e-01,
       -1.5409949200784296e+00, -4.0534659107256799e+00,
       1.2385113878056180e+00, 1.0045999241974958e+01,
       -4.8524642594557139e-02, 1.5126264543175064e-02,
       1.5755721232708422e+00, 2.8011202974526328e+00,
       -3.1698281110909758e+00, 1.1564580793316953e+01,
       -9.7042983512591607e-02, 5.2807923034676437e-03,
       1.5747396226434318e+00, 2.3350205058430182e+00,
       -2.4869020946785234e+00, 1.2171026514330888e+01,
       -9.7173534203760001e-02, -1.4573597151992135e-01,
       -1.5124963306892631e+00, -4.8686041712207624e+00,
       2.8459455198518198e+00, 1.2144012297747159e+01,
       -2.2739067528749066e-01, -2.3185509749691940e-01,
       -1.5042578909259008e+00, -4.9331149364777014e+00,
       2.4926744893004602e+00, 1.1499844637399564e+01,
       -1.5459022774825085e-01, 5.4880826612780820e-01,
       1.6164214335087339e+00, 2.5193341735933137e+00,
       -1.7539313350823666e+00, 1.1654032779935491e+01 ]
